324
236
113
48
227
178
350
115
61
117
64
63
140
15
83
7
44
114
37
33
66
13
103
18
43
19
57
23
57
3
20
28
76
47
16
118
118
91
63
24
115
25
52
8
6
18
57
49
2
40
25
34
13
99
56
28
22
10
29
47
38
0
2
0
3
7
23
20
12
10
6
6
9
14
24
15
27
9
57
117
22
3
2
6
18
11
11
8
6
46
14
4
83
11
35
12
12
25
33
51
9
37
30
42
46
56
70
35
7
42
29
25
36
27
21
28
33
32
76
4
3
92
41
65
59
115
26
25
23
32
5
12
16
44
21
24
17
139
80
99
25
58
5
119
31
79
70
33
11
3
5
28
33
13
28
7
54
11
25
18
8
11
28
7
29
38
34
179
31
24
22
18
10
7
16
19
19
16
11
22
7
15
8
4
3
6
23
38
25
12
38
22
8
8
6
13
16
27
51
4
25
88
79
49
53
83
73
57
29
34
54
7
15
33
37
40
34
30
36
49
14
36
40
22
28
27
11
25
40
18
11
8
41
38
11
88
26
26
39
7
5
46
90
53
74
30
15
57
22
62
41
48
37
7
46
31
26
31
22
64
37
58
53
14
98
8
1
2
8
4
37
67
28
96
99
11
72
60
58
55
8
52
66
81
138
99
81
66
29
5
113
56
83
32
20
14
123
0
75
9
14
40
12
32
8
26
2
33
5
40
25
13
23
28
13
16
15
7
24
61
9
3
38
10
8
9
38
6
3
3
5
6
10
41
3
4
6
5
4
6
10
6
10
7
0
20
13
13
8
8
5
17
3
7
16
20
11
31
88
64
46
6
3
59
8
7
9
11
6
6
5
19
14
9
9
21
75
5
14
2
63
7
5
49
15
2
39
50
7
50
7
9
8
9
16
7
9
11
3
4
45
10
18
33
5
2
2
46
27
2
10
6
0
11
6
20
34
9
16
7
9
4
2
3
5
28
324
2
2
3
7
7
13
34
350
13
37
1
47
52
59
11
7
15
27
24
95
92
53
38
6
34
3
25
43
14
29
7
36
47
27
56
7
39
46
35
7
52
37
10
66
40
15
22
82
19
27
27
18
12
36
105
30
13
35
27
30
29
26
8
27
28
31
13
3
23
13
3
21
1
3
9
12
34
14
6
5
47
123
26
4
46
15
14
39
18
12
13
34
28
31
38
31
54
54
10
32
62
57
13
10
33
42
227
69
36
15
28
12
32
59
21
36
13
88
33
73
26
34
9
46
46
27
25
18
6
4
11
26
32
4
67
16
12
78
24
15
17
60
20
15
46
42
86
29
104
110
93
67
61
21
52
9
22
11
3
67
25
30
50
31
39
23
27
11
14
19
3
84
19
23
29
12
5
19
37
7
11
19
12
32
32
91
41
10
17
72
35
27
19
1
11
5
14
14
16
13
19
47
14
22
14
12
17
6
8
43
26
13
22
17
22
16
52
11
6
7
17
4
7
16
11
29
19
8
5
77
26
27
30
14
6
4
48
69
48
63
81
62
47
68
43
27
76
61
15
17
67
29
38
80
49
25
324
35
69
31
23
35
42
28
41
57
42
50
43
45
46
35
30
44
51
49
47
45
43
100
33
11
24
64
41
43
56
37
71
74
50
63
51
51
41
43
11
48
104
79
83
81
81
111
74
28
29
24
10
13
12
3
4
45
5
17
10
15
5
14
79
24
13
33
32
9
15
12
27
39
50
36
103
112
54
28
13
28
51
26
14
42
53
30
6
21
43
50
32
27
22
27
16
8
32
8
43
29
23
20
27
1
7
5
23
27
6
9
34
44
63
4
15
7
2
12
6
47
7
58
47
58
10
87
61
43
54
48
42
33
19
12
2
64
15
34
27
33
11
34
25
13
21
13
36
24
8
28
23
39
6
80
8
12
41
42
28
23
15
1
4
5
5
17
5
0
21
27
1
9
27
27
325
16
20
7
21
1
5
89
10
36
8
10
25
20
4
14
10
9
9
8
7
9
77
8
26
17
26
15
13
4
40
17
26
40
34
1
6
12
34
12
0
10
7
29
14
19
17
1
32
17
25
13
1
28
25
30
28
48
51
42
36
30
19
41
33
13
12
14
36
7
3
4
39
8
13
32
38
20
2
26
33
41
24
9
6
14
26
10
47
61
4
14
46
33
36
11
2
2
18
16
6
16
4
12
18
3
1
10
18
0
4
30
26
23
4
4
27
12
13
3
32
9
3
2
22
3
1
15
3
11
4
5
1
1
0
0
4
6
15
14
34