213
215
267
462
92
22
75
9
3
10
11
25
15
70
6
34
48
43
31
8
11
33
29
11
13
16
26
32
22
0
7
13
8
8
6
1
34
14
124
21
69
41
21
48
21
27
15
39
40
20
70
31
23
16
33
28
92
12
11
43
22
8
5
18
37
20
5
69
96
20
7
35
28
11
10
92
25
28
10
35
25
16
43
0
50
24
46
14
23
61
51
28
31
74
114
39
39
222
48
65
92
139
48
74
51
47
69
96
136
36
22
77
40
41
30
17
88
137
55
80
18
2
48
68
41
16
94
18
64
41
75
28
7
29
20
32
35
18
14
2
20
18
30
222
48
28
50
21
23
12
53
5
12
19
17
4
5
21
22
42
36
42
34
38
6
29
14
12
6
24
41
9
6
1
16
44
44
14
16
30
31
17
34
13
13
35
22
27
41
7
46
40
131
56
69
35
22
163
16
27
6
38
49
19
5
19
31
18
34
11
30
47
19
14
72
21
3
91
46
17
95
34
70
62
70
87
6
9
51
9
26
30
29
109
68
52
4
77
25
74
50
25
35
17
27
2
8
15
9
44
32
11
22
4
30
35
24
67
42
15
24
47
44
55
17
60
121
27
39
16
84
29
57
102
75
19
17
29
17
136
35
9
16
2
1
71
75
8
34
32
113
7
1
26
13
15
28
21
10
60
15
37
53
21
33
87
49
46
23
52
20
26
13
56
7
83
67
22
38
18
18
17
12
44
17
25
9
16
28
23
29
8
73
27
15
30
36
31
29
51
37
57
65
24
26
6
49
37
39
27
26
51
34
33
21
19
22
19
47
28
3
7
3
13
46
47
163
82
54
37
5
38
49
25
47
19
45
26
25
41
40
41
40
26
4
14
18
38
31
25
22
20
28
32
14
26
38
21
17
23
57
10
60
11
9
12
20
118
52
66
15
23
22
24
64
32
51
87
39
35
33
18
54
21
15
33
60
18
40
3
38
43
30
19
83
7
28
42
6
46
5
47
45
41
48
14
14
4
153
51
56
8
25
50
203
3
38
19
16
12
11
44
21
0
28
13
111
21
14
45
51
116
27
110
29
61
45
127
81
165
2
44
102
55
29
64
65
151
19
22
19
21
23
17
30
34
9
60
81
74
34
36
17
20
50
165
36
133
11
28
50
16
62
63
5
52
49
29
26
13
9
46
39
47
29
42
45
33
15
47
134
24
9
37
46
1
22
51
11
37
29
21
6
31
71
37
52
81
55
8
57
23
57
12
12
14
26
26
9
30
30
29
46
36
15
45
109
68
73
56
48
5
61
46
52
109
2
8
17
8
93
19
12
57
42
40
26
7
48
115
117
24
88
9
63
18
42
108
92
108
49
106
118
42
136
87
8
70
25
63
63
113
11
47
116
19
10
159
8
11
2
80
39
73
38
15
50
40
61
68
43
92
17
53
2
3
28
9
13
4
53
22
25
46
8
29
37
60
37
2
34
4
52
70
73
13
51
43
41
40
28
111
49
55
108
78
85
63
23
6
53
30
66
22
14
12
94
2
70
27
17
59
36
49
10
29
6
52
7
86
28
16
40
52
23
33
24
9
10
57
30
5
88
31
19
46
97
10
4
9
6
8
15
38
2
2
5
8
8
7
8
6
9
10
0
14
8
7
11
9
5
21
4
8
28
18
17
39
47
33
25
6
4
34
8
7
10
10
7
6
11
24
15
17
12
26
37
10
11
2
37
13
5
38
10
0
28
30
5
77
11
10
8
9
16
9
8
9
4
2
34
5
8
24
8
3
1
42
19
2
12
8
1
11
6
22
20
8
15
7
10
3
3
3
5
14
213
9
2
5
8
9
13
28
54
30
21
1
53
14
93
68
54
55
45
50
45
135
105
15
66
9
63
72
22
18
46
33
164
36
27
13
37
22
46
5
10
19
60
29
10
80
83
80
46
15
118
30
43
9
5
18
46
37
3
25
19
28
33
67
32
20
23
7
34
39
27
9
2
0
21
9
40
35
18
5
17
16
8
20
32
22
23
7
33
83
22
6
4
13
35
26
16
16
19
35
8
6
63
5
23
6
8
18
21
43
5
21
22
41
25
32
20
19
21
26
25
15
21
19
21
34
22
13
60
3
2
62
23
29
27
73
16
18
18
33
7
17
11
42
14
20
15
109
84
75
8
47
5
84
11
48
72
44
26
21
29
22
27
34
37
7
49
21
16
10
7
13
25
8
22
36
20
69
23
13
13
9
7
7
18
14
13
10
5
14
6
11
7
4