 1 38 98 144
 0 3 38
 1 3 6 38 50 67 68 94 95 98 109 111 118 144 160 186 198
 2 6 38 50 55 64 67 68 71 81 85 86 91 93 94 95 96 97 98 100 101 102 104 105 107 108 109 110 111 117 118 119 120 125 127 128 129 130 133 136 143 144 147 148 156 158 159 183 186 193 194 195 196 198
 3 5 6 11 21 28 36 38 39 49 50 56 67 69 75 79 80 87 112 151 191 197
 4 55 56 60 65 69 75 79 80 87 112 186 191 197
 2 3 4 5 7 9 11 14 15 16 17 21 22 23 38 43 44 45 47 48 49 50 52 55 56 59 64 67 68 69 75 79 80 87 88 93 95 98 100 109 112 118 134 136 144 148 151 158 162 180 183 184 186 189 190 191 196 197 198
 4 9 18 19 50 51 56 67 68 75 151
 0 4 56 75
 4 56 75
 4 11 13 40 56 59 75 83 92 134 146 162 177 186
 1 4 6 13 15 16 17 20 21 22 23 36 38 39 40 41 42 43 44 45 46 47 48 49 52 53 56 59 68 72 75 87 91 134 142 147 151 159 162
 4 5 16 43 44 45 46 56 60 65 69 75 77 79 87 93 128 136 137 172 191
 4 56 75
 4 21 56 58 73 74 75
 4 56 75
 4 36 43 44 46 48 56 75 79 92 137 146 151
 4 5 6 11 13 16 40 43 48 50 55 56 64 65 67 68 69 75 77 79 80 87 112 154 181 186 189 191 197
 4 7 9 15 16 19 21 30 39 43 47 48 50 51 52 53 56 67 68 75 87 108
 4 7 9 28 56 70 75 170 173
 4 16 37 42 43 56 57 75 149 167
 1 3 4 6 8 11 12 13 14 18 20 22 24 28 36 37 38 39 40 46 47 48 49 50 51 52 53 55 56 57 66 67 68 71 72 75 82 98 99 100 104 106 108 124 141 144 145 149 151 155 157 167 171 176 186 193 198 199
 4 13 16 18 21 24 28 33 36 37 38 39 40 41 42 43 44 45 47 50 51 52 53 56 57 67 68 72 75 134 149 167 191
 2 4 6 12 13 16 24 38 40 43 47 49 53 56 57 68 72 75 100 134 167 198
 4 23 47 56 75 134 155
 4 24 52 53 56 57 75 92 93 95 96 134 136 141 146 164 170 171
 4 45 56 59 61 63 75 79 80 112 161 162 183 189 195 196
 4 15 56 75 183 191 196
 4 13 21 22 31 33 36 37 38 39 40 50 56 66 67 75
 4 13 40 56 75
 4 28 31 56 75
 4 11 13 21 22 24 28 30 36 37 38 39 40 42 44 48 50 56 57 67 75 149
 4 56 75
 4 13 22 32 40 41 42 56 75
 4 19 35 44 50 56 61 67 68 70 75 78 112 170 189
 4 56 75 78
 4 13 15 16 18 21 22 28 37 38 39 40 43 44 45 46 48 50 51 56 57 59 66 67 75 91 112 147 162 166
 4 13 18 21 22 28 36 38 39 40 50 51 56 57 67 75
 0 2 3 4 6 11 13 15 16 21 22 25 26 28 36 37 39 40 42 43 44 45 46 47 48 50 53 56 67 68 72 75 82 87 90 91 92 93 95 96 98 102 109 118 134 136 137 141 144 146 147 148 151 152 154 157 158 159 160 164 167 168 170 171 176 198
 4 56 75
 4 13 15 16 21 22 28 33 36 37 38 39 41 42 43 48 50 56 67 75 91 147
 4 6 13 18 20 21 22 24 26 33 36 38 40 42 51 56 57 75 82 100 110 111 134 142 149 152 159
 4 13 32 33 40 41 56 75
 4 11 13 15 16 22 23 27 28 36 38 40 42 44 45 46 47 48 49 52 53 56 68 75 87 91 96 124 147 155 167 183 196
 4 16 21 22 23 38 43 45 46 47 56 68 75 82 154
 4 16 22 43 44 46 47 49 56 59 75 162
 4 16 43 44 45 47 48 56 75 155 167
 4 22 23 56 75 167
 4 6 11 13 15 16 17 20 21 23 36 38 40 43 45 47 49 52 53 56 59 68 72 75 87 91 147 151 162
 4 6 11 12 15 18 47 48 51 52 56 68 72 75 82 151 155 181 187
 4 56 75
 4 18 38 50 56 67 75
 4 13 15 16 18 39 40 43 44 48 49 51 53 56 68 72 75
 4 56 75
 4 5 13 40 50 56 59 60 63 64 67 75 76 112 162 165 166 169 181 183 196
 4 56 75 186
 4 58 73 74 75
 4 56 75
 4 56 75
 4 56 75
 4 5 54 56 58 63 64 65 69 73 74 75 76 77 79 87 189 191
 4 56 58 73 74 75
 4 56 75
 4 5 26 54 56 59 60 64 65 69 75 76 79 87 162 191
 3 4 5 14 16 27 43 48 54 55 56 58 60 62 65 69 73 74 75 76 79 80 87 98 102 103 112 114 127 131 139 144 181 183 186 189 190 191 193 196 197 198
 4 5 54 56 60 64 69 75 77 79 87 189 191
 4 45 56 75 170
 1 2 3 4 6 7 9 10 11 13 15 16 18 19 21 22 28 30 36 37 38 39 40 43 47 48 50 51 52 53 54 56 58 63 68 73 74 75 79 80 85 87 91 93 94 95 98 102 108 109 110 118 127 129 136 144 147 153 164 198
 4 56 58 73 74 75
 4 5 56 70 75 79 80 87 112 191 197
 4 34 56 58 73 74 75 78
 4 25 56 64 75 92 93 95 96 109 118 123 136 141 146 164 170 171 181
 3 4 6 11 16 18 21 23 43 47 48 49 51 52 56 68 75 82 98 99 100 102 104 127 144 145 151 187
 4 56 75
 4 56 58 73 75 191
 4 56
 4 56 75
 4 55 56 65 75 79 87 112 184 186 189
 4 20 34 36 47 48 52 56 68 70 72 75 172
 4 5 55 56 60 64 65 69 75 77 80 87 112 184 185 186 189 191 197
 4 5 27 50 56 58 59 63 64 67 69 73 74 75 79 87 112 162 184 191 197
 3 85 90 97 102 107 117 130 193 194 195 198
 38 48 57 81 98 137 144 148 158 159 179
 3 96 98 101 102 117 119 124 144 171 175 177 179
 3
 3 54 90 102 107 129 130 185 193 194 198
 3 104 105 120 125
 3 4 5 6 17 27 45 55 56 59 60 64 65 69 75 77 79 80 88 90 112 162 182 183 186 187 188 189 190 191 193 194 196 197
 3 17 87 112 184 185 187 195
 3 90 98 106 109 112 118 144 192 193 195 199
 3 59 82 87 88 94 98 99 102 107 112 130 144 145 162 166 181 183 188 189 191 193 194 195 196 198
 3 97
 2 3 10 13 25 38 40 54 59 60 63 76 83 91 93 94 95 96 97 98 101 102 109 118 136 137 138 141 144 146 147 157 160 162 164 165 166 170 171 175 177 179
 3 25 92 95 96 136 138 141 146 164 165 168 170 171
 2 3 6 38 50 67 68 95 98 109 118 127 144 161 163 164 198
 3 85
 3
 2 3 13 40 91 96 98 101 102 109 118 144 147 193
 2 3 6 38 50 67 68 86 89 90 91 95 97 99 100 101 102 104 106 107 108 109 117 118 127 128 129 130 131 132 135 144 145 147 148 151 158 181 193 194 198
 3 131
 3 16 43 48 71 72 98 99 101 103 108 123 127 144 145 151 163 181 193
 3 38 91 138 147 171 198
 3 17 68 90 98 99 103 104 106 107 108 110 119 120 127 130 131 132 144 145 151 193 194 198
 3 17 68 98 102 108 119 120 127 131 144 164 193 198
 3 86 98 99 102 105 106 107 112 117 127 144 145 151 193 195 198
 3 71 86 91 98 99 101 102 104 106 107 108 112 117 119 120 121 123 124 125 127 143 144 145 147 151 166 171 176 192 193 195 198
 3 98 102 104 107 112 117 144 195
 3 90 98 102 104 130 144 193 194 198
 3 17 18 51 68 98 100 102 103 104 119 120 127 131 132 144 161 163 193 198
 2 3 85 89 94 95 98 102 107 110 118 124 126 127 131 144 160 166 192 193 198
 3 98 102 109 111 118 119 127 131 144
 3 102 109 110 118
 3 4 5 6 15 17 22 27 36 38 50 54 56 59 61 64 67 68 69 71 75 76 77 78 79 80 87 88 89 90 98 100 106 108 113 114 115 131 144 161 162 180 181 182 183 184 185 187 188 189 191 195 196 197
 3 86 98 102 107 114 115 116 120 129 130 144 193 195 198
 3 106 112 113 115 116 120 130 131 161 193 194 195
 3
 3 113 114 115 130
 3 83 102 127 138 177
 3 89 94 98 127 144 166 192
 2 3 6 38 50 67 68 95 98 102 108 109 113 115 117 118 120 121 124 126 127 131 144 163 192 193 198
 2 3 6 38 50 67 68 90 94 95 98 102 103 104 105 107 108 109 113 115 117 118 119 121 124 125 126 130 131 138 143 144 176 192 193 194 198
 3 83 117 119 120 124 177 192 193
 3 17 49 52 53 83 91 117 124 147 177 192
 3
 3 98 107 144 176
 3 83 86 98 99 100 101 102 104 105 117 120 123 124 138 143 144 145 176 177 193 198
 3 83 89 117 120 121 143 176 177
 3 98 99 102 104 109 118 131 144 145 151
 3 93 97 98 136 137 140 141 144 193
 3 85 90 94 95 98 102 107 115 130 131 132 144 160 193 194 198
 2 3 34 85 86 90 92 96 98 102 107 113 114 115 116 120 129 144 146 193 194 195 198
 2 3 38 82 85 94 95 102 103 107 108 116 119 127 129 132 161 179 193 198
 3 108 131 198
 3
 3
 3 64
 3 92 146 165
 3 55 59 93 96 98 136 138 139 144 162 164 178 186
 3 94 96 97 137 143
 3 59 97 98 137 144 162 193
 3 141
 3 25 92 93 95 96 128 136 137 140 146 164 170 171
 3 41 134 159
 3 83 98 101 117 120 124 126 144 176 177
 3 98 104 106 109 118 119 139 148 158 168
 3 104 127
 2 3 10 13 18 21 23 25 27 38 40 41 51 54 55 59 60 63 65 76 77 79 83 87 90 91 92 93 94 95 96 97 98 100 101 102 106 107 108 109 112 113 114 115 116 118 128 129 130 134 136 137 138 141 144 147 148 157 158 160 161 162 164 165 166 170 171 175 176 177 178 179 186 189 193 194 195 198
 2 3 13 15 16 36 40 43 48 91 97 98 101 102 109 118 139 144 166
 3 91 93 136 147 154 158
 3 30 38 41 82 98 124 144 167 176
 3
 3 6 16 28 43 91 98 99 101 102 104 127 144 145 147 192
 3
 3 89 98 144
 3 16 43 44 45 46 48 91 98 144 147 148 155 158
 3 16 43 44 45 46 47 48 154
 3 148 158
 3 92 93 134 136 146 148 158 166 195
 3 41 97 98 134 142 144 148 154 156 159
 3 38 41 134 142 148 158
 3 93 95 136
 3 94 103 108 112 114
 3 16 43 54 55 59 61 64 65 77 79 80 87 90 112 161 166 169 171 183 184 186 187 188 189 190 191 196
 3 94 148 158 161 164
 2 3 25 92 93 94 95 96 136 141 146 170 171
 3 25 92 93 95 96 136 141 146 164 166 170 171
 3 59 91 96 97 138 147 162 165 171
 3 18 20 22 51 149 160 171
 3 98 144
 3 59 95 162
 3 54
 2 3 25 83 91 92 93 95 96 97 98 101 102 109 118 136 141 144 146 147 164 166 170 175 177
 3 44 59 70 97 162 166 173
 3 18 51 172
 3
 3 96
 2 3 91 96 97 98 101 102 105 109 118 124 144 147 171 193
 3
 3 94 137 163 179 195
 3 94 137 163 178
 3 6 68 82 89 100 112 137 181 182 187 188 189 193 195
 3 6 17 68 82 100 112 180 187 195
 3 6 68 87 112 127 137 180 187 188 189 195 197
 3 4 5 27 54 55 56 64 69 75 79 80 87 88 89 90 112 114 180 181 186 189 191 195 196 197
 3 59 69 79 80 88 90 100 112 162 185 191 193 195
 3 27 88 183 184 191 196
 3 90
 3 6 15 17 55 65 68 77 79 87 90 112 137 180 181 182 186 188 189 190 195
 3 17 87 90 112 180 182 187 189 191
 3 17 68 90 188 191
 3 6 17 87 90 182 187
 3 4 5 6 7 9 14 15 17 19 22 27 42 47 56 59 63 64 69 75 76 78 79 80 87 90 112 137 151 162 183 184 187 188 189 190 196 197
 3 71 98 102 117 123 144
 2 3 6 13 17 27 38 40 50 54 55 59 60 63 64 67 68 71 76 77 80 81 83 85 90 91 94 95 96 97 98 100 101 102 103 104 106 107 108 109 111 112 113 114 115 117 118 119 120 123 124 127 128 129 130 131 132 133 135 137 139 141 144 147 148 156 158 160 161 162 176 177 179 180 183 184 186 188 189 191 194 195 196 197 198
 3 76 85 90 94 96 97 98 102 103 106 107 112 113 114 129 130 135 144 161 169 180 188 193 195 197 198 199
 3 88 89 106 112 113
 3 54 64 88 89 90 191
 3 27 65 112 135 183 191 194 196
 2 3 6 38 50 67 68 90 95 98 102 103 104 107 108 109 114 117 118 129 130 131 132 144 193 194
 3 89 90 98 106 109 112 117 118 144 194 195