270
168
199
375
76
35
223
116
22
116
59
88
34
63
9
112
407
114
182
48
39
233
147
125
53
5
176
192
58
0
33
88
52
49
65
33
191
55
257
79
67
112
184
416
203
164
119
385
111
167
140
188
408
164
652
25
62
15
21
110
79
20
23
94
354
60
57
141
534
28
60
210
202
25
25
84
236
125
330
220
127
1
278
122
8
239
30
163
25
79
90
61
94
19
152
157
27
96
413
64
358
253
21
97
107
156
65
76
108
278
43
25
250
101
242
30
36
144
282
78
289
57
23
126
362
53
34
253
29
216
29
243
75
90
59
81
19
157
30
61
9
19
56
84
441
66
95
62
62
112
10
129
32
108
107
168
31
27
67
119
14
115
115
139
44
19
58
84
25
27
99
70
99
78
3
69
213
125
87
167
87
180
67
235
37
134
136
149
118
157
63
182
94
367
447
199
236
64
387
201